                 B     B     B     B     B     B     B     B     B     B     B     B     B     B     B     B
                 r     r     r     r     r     r     r     r     r     r     r     r     r     r     r     r
                 o     o     o     o     o     o     o     o     o     o     o     o     o     o     o     o
                 _     _     _     _     _     _     _     _     _     _     _     _     _     _     _     _
                 S     S     S     S     S     S     S     S     S     S     S     S     S     S     S     S
                 0     0     0     0     1     1     1     1     1     1     1     1     2     2     2     2
                 6     7     8     9     0     2     3     4     6     7     8     9     0     2     3     4

   Bro_S06     1.0  0.72  0.68  0.69  0.77  0.74  0.47  0.59  0.65  0.64  0.78  0.77  0.64  0.73  0.64  0.64
   Bro_S07    0.72   1.0  0.67  0.75  0.82  0.72  0.49  0.64  0.62  0.62  0.75  0.69  0.61  0.75  0.65  0.64
   Bro_S08    0.68  0.67   1.0  0.64  0.68  0.63  0.54   0.6  0.62  0.75  0.67  0.63  0.58  0.65  0.63  0.58
   Bro_S09    0.69  0.75  0.64   1.0  0.72  0.74  0.57   0.6  0.62  0.66  0.71  0.72  0.67  0.81  0.69  0.65
   Bro_S10    0.77  0.82  0.68  0.72   1.0  0.78  0.55   0.6  0.66  0.67  0.77  0.72  0.61  0.77  0.63  0.66
   Bro_S12    0.74  0.72  0.63  0.74  0.78   1.0  0.52  0.62  0.68  0.62  0.75  0.73  0.68  0.77  0.67  0.64
   Bro_S13    0.47  0.49  0.54  0.57  0.55  0.52   1.0  0.48  0.55   0.6  0.56  0.51  0.54  0.53  0.53  0.54
   Bro_S14    0.59  0.64   0.6   0.6   0.6  0.62  0.48   1.0  0.56  0.62  0.66   0.6  0.58  0.58  0.59  0.58
   Bro_S16    0.65  0.62  0.62  0.62  0.66  0.68  0.55  0.56   1.0  0.64   0.7  0.64   0.6  0.65  0.57  0.63
   Bro_S17    0.64  0.62  0.75  0.66  0.67  0.62   0.6  0.62  0.64   1.0  0.65  0.64  0.65  0.63  0.64  0.56
   Bro_S18    0.78  0.75  0.67  0.71  0.77  0.75  0.56  0.66   0.7  0.65   1.0  0.74  0.67  0.73  0.66  0.65
   Bro_S19    0.77  0.69  0.63  0.72  0.72  0.73  0.51   0.6  0.64  0.64  0.74   1.0  0.68  0.75  0.72  0.62
   Bro_S20    0.64  0.61  0.58  0.67  0.61  0.68  0.54  0.58   0.6  0.65  0.67  0.68   1.0  0.66  0.67  0.65
   Bro_S22    0.73  0.75  0.65  0.81  0.77  0.77  0.53  0.58  0.65  0.63  0.73  0.75  0.66   1.0  0.71  0.62
   Bro_S23    0.64  0.65  0.63  0.69  0.63  0.67  0.53  0.59  0.57  0.64  0.66  0.72  0.67  0.71   1.0   0.6
   Bro_S24    0.64  0.64  0.58  0.65  0.66  0.64  0.54  0.58  0.63  0.56  0.65  0.62  0.65  0.62   0.6   1.0

Berechnungszeit: 999.212 Sek.