                 B     B     B     B     B     B     B     B     B     B     B     B     B     B     B     B
                 r     r     r     r     r     r     r     r     r     r     r     r     r     r     r     r
                 o     o     o     o     o     o     o     o     o     o     o     o     o     o     o     o
                 _     _     _     _     _     _     _     _     _     _     _     _     _     _     _     _
                 S     S     S     S     S     S     S     S     S     S     S     S     S     S     S     S
                 0     0     0     0     1     1     1     1     1     1     1     1     2     2     2     2
                 6     7     8     9     0     2     3     4     6     7     8     9     0     2     3     4

   Bro_S06     1.0  0.69  0.65  0.63  0.76  0.71  0.37  0.49  0.57  0.55  0.75  0.71  0.53  0.69  0.58  0.55
   Bro_S07    0.69   1.0  0.63  0.69  0.78  0.68  0.44  0.54  0.55  0.54  0.69  0.63  0.53  0.69  0.57  0.58
   Bro_S08    0.65  0.63   1.0  0.58  0.67   0.6  0.47  0.52  0.52  0.71  0.63  0.58  0.51   0.6  0.58  0.46
   Bro_S09    0.63  0.69  0.58   1.0  0.68  0.68  0.42  0.53  0.53  0.52  0.66  0.69  0.62  0.78  0.64  0.55
   Bro_S10    0.76  0.78  0.67  0.68   1.0  0.75  0.48  0.51  0.61  0.59  0.76  0.65  0.51  0.73  0.55  0.57
   Bro_S12    0.71  0.68   0.6  0.68  0.75   1.0  0.43  0.51  0.61   0.5   0.7  0.67  0.61  0.73   0.6  0.58
   Bro_S13    0.37  0.44  0.47  0.42  0.48  0.43   1.0  0.42  0.51  0.54  0.49   0.4  0.47  0.43  0.46  0.48
   Bro_S14    0.49  0.54  0.52  0.53  0.51  0.51  0.42   1.0   0.5  0.53  0.61  0.53  0.45  0.51  0.49  0.53
   Bro_S16    0.57  0.55  0.52  0.53  0.61  0.61  0.51   0.5   1.0  0.58  0.62  0.55   0.5   0.6  0.48  0.56
   Bro_S17    0.55  0.54  0.71  0.52  0.59   0.5  0.54  0.53  0.58   1.0   0.6  0.54  0.56  0.52  0.62  0.47
   Bro_S18    0.75  0.69  0.63  0.66  0.76   0.7  0.49  0.61  0.62   0.6   1.0  0.68  0.59   0.7   0.6  0.58
   Bro_S19    0.71  0.63  0.58  0.69  0.65  0.67   0.4  0.53  0.55  0.54  0.68   1.0  0.57   0.7  0.68  0.52
   Bro_S20    0.53  0.53  0.51  0.62  0.51  0.61  0.47  0.45   0.5  0.56  0.59  0.57   1.0  0.58  0.62  0.59
   Bro_S22    0.69  0.69   0.6  0.78  0.73  0.73  0.43  0.51   0.6  0.52   0.7   0.7  0.58   1.0  0.66  0.52
   Bro_S23    0.58  0.57  0.58  0.64  0.55   0.6  0.46  0.49  0.48  0.62   0.6  0.68  0.62  0.66   1.0  0.55
   Bro_S24    0.55  0.58  0.46  0.55  0.57  0.58  0.48  0.53  0.56  0.47  0.58  0.52  0.59  0.52  0.55   1.0

Berechnungszeit: 0.406 Sek.