                 E     E     E     E     E     E     E     E     E     E     E     E     E     E     E     E     E
                 g     g     g     g     g     g     g     g     g     g     g     g     g     g     g     g     g
                 g     g     g     g     g     g     g     g     g     g     g     g     g     g     g     g     g
                 _     _     _     _     _     _     _     _     _     _     _     _     _     _     _     _     _
                 S     S     S     S     S     S     S     S     S     S     S     S     S     S     S     S     S
                 0     0     0     0     1     1     1     1     1     1     1     1     2     2     5     5     5
                 6     7     8     9     1     2     3     4     5     6     7     9     0     5     3     4     5

   Egg_S06     1.0  0.37  0.42   0.4  0.41  0.54  0.19  0.36  0.47  0.24  0.42  0.32  0.32  0.41  0.29  0.24  0.24
   Egg_S07    0.37   1.0  0.42  0.45   0.4  0.34  0.31   0.5  0.48  0.33  0.39  0.55  0.36  0.58   0.4  0.48  0.39
   Egg_S08    0.42  0.42   1.0  0.55  0.72  0.38  0.25  0.34  0.72  0.27  0.72  0.61  0.31  0.53  0.49   0.4  0.42
   Egg_S09     0.4  0.45  0.55   1.0  0.59  0.37  0.19  0.31  0.65   0.3  0.58  0.45  0.34  0.57  0.47  0.35  0.34
   Egg_S11    0.41   0.4  0.72  0.59   1.0  0.42  0.21   0.3  0.83  0.26  0.72  0.57  0.27  0.54  0.42  0.34  0.37
   Egg_S12    0.54  0.34  0.38  0.37  0.42   1.0  0.24  0.39  0.42  0.33  0.36  0.33  0.35  0.46   0.3  0.24  0.25
   Egg_S13    0.19  0.31  0.25  0.19  0.21  0.24   1.0  0.34  0.26  0.26  0.27  0.27  0.28  0.26  0.24  0.31  0.23
   Egg_S14    0.36   0.5  0.34  0.31   0.3  0.39  0.34   1.0  0.35  0.41   0.3  0.39   0.5  0.35  0.28  0.34  0.31
   Egg_S15    0.47  0.48  0.72  0.65  0.83  0.42  0.26  0.35   1.0  0.24  0.72  0.59  0.22  0.63  0.51  0.42  0.39
   Egg_S16    0.24  0.33  0.27   0.3  0.26  0.33  0.26  0.41  0.24   1.0  0.25   0.3  0.45  0.27  0.18  0.21  0.17
   Egg_S17    0.42  0.39  0.72  0.58  0.72  0.36  0.27   0.3  0.72  0.25   1.0  0.55  0.29   0.5  0.51  0.46   0.4
   Egg_S19    0.32  0.55  0.61  0.45  0.57  0.33  0.27  0.39  0.59   0.3  0.55   1.0  0.36  0.57  0.39  0.44  0.42
   Egg_S20    0.32  0.36  0.31  0.34  0.27  0.35  0.28   0.5  0.22  0.45  0.29  0.36   1.0  0.29  0.28  0.28  0.22
   Egg_S25    0.41  0.58  0.53  0.57  0.54  0.46  0.26  0.35  0.63  0.27   0.5  0.57  0.29   1.0  0.44  0.42  0.41
   Egg_S53    0.29   0.4  0.49  0.47  0.42   0.3  0.24  0.28  0.51  0.18  0.51  0.39  0.28  0.44   1.0  0.44  0.51
   Egg_S54    0.24  0.48   0.4  0.35  0.34  0.24  0.31  0.34  0.42  0.21  0.46  0.44  0.28  0.42  0.44   1.0  0.57
   Egg_S55    0.24  0.39  0.42  0.34  0.37  0.25  0.23  0.31  0.39  0.17   0.4  0.42  0.22  0.41  0.51  0.57   1.0

Berechnungszeit: 0.739 Sek.