                 E     E     E     E     E     E     E     E     E     E     E     E     E     E     E     E     E
                 g     g     g     g     g     g     g     g     g     g     g     g     g     g     g     g     g
                 g     g     g     g     g     g     g     g     g     g     g     g     g     g     g     g     g
                 _     _     _     _     _     _     _     _     _     _     _     _     _     _     _     _     _
                 S     S     S     S     S     S     S     S     S     S     S     S     S     S     S     S     S
                 0     0     0     0     1     1     1     1     1     1     1     1     2     2     5     5     5
                 6     7     8     9     1     2     3     4     5     6     7     9     0     5     3     4     5

   Egg_S06     1.0  0.54   0.6  0.54  0.62   0.7  0.41  0.52  0.62  0.53  0.59  0.57  0.56  0.61  0.54  0.49  0.47
   Egg_S07    0.54   1.0  0.55  0.52  0.57  0.54  0.42  0.63  0.58  0.47  0.59  0.69   0.5  0.66  0.58  0.61  0.58
   Egg_S08     0.6  0.55   1.0  0.66  0.77  0.59  0.41  0.53  0.78  0.49  0.78  0.66  0.55  0.67  0.66  0.55  0.55
   Egg_S09    0.54  0.52  0.66   1.0  0.67   0.6  0.42  0.55  0.69  0.52  0.67  0.53  0.57  0.65  0.63  0.52  0.55
   Egg_S11    0.62  0.57  0.77  0.67   1.0  0.62  0.38  0.49  0.87   0.5  0.78  0.67  0.48  0.65  0.69  0.53  0.52
   Egg_S12     0.7  0.54  0.59   0.6  0.62   1.0  0.44  0.58  0.61  0.56   0.6  0.59  0.54  0.63  0.56  0.53   0.5
   Egg_S13    0.41  0.42  0.41  0.42  0.38  0.44   1.0  0.52  0.38  0.56  0.42  0.42  0.52  0.41  0.38  0.46  0.42
   Egg_S14    0.52  0.63  0.53  0.55  0.49  0.58  0.52   1.0  0.52  0.61  0.52  0.56  0.62  0.53  0.51  0.55  0.56
   Egg_S15    0.62  0.58  0.78  0.69  0.87  0.61  0.38  0.52   1.0  0.48   0.8  0.69   0.5  0.71  0.73  0.58  0.56
   Egg_S16    0.53  0.47  0.49  0.52   0.5  0.56  0.56  0.61  0.48   1.0  0.54  0.49  0.69  0.49  0.48  0.47  0.47
   Egg_S17    0.59  0.59  0.78  0.67  0.78   0.6  0.42  0.52   0.8  0.54   1.0  0.67  0.55  0.66  0.73  0.61  0.56
   Egg_S19    0.57  0.69  0.66  0.53  0.67  0.59  0.42  0.56  0.69  0.49  0.67   1.0  0.54  0.65  0.59  0.62  0.61
   Egg_S20    0.56   0.5  0.55  0.57  0.48  0.54  0.52  0.62   0.5  0.69  0.55  0.54   1.0  0.53  0.53   0.5  0.51
   Egg_S25    0.61  0.66  0.67  0.65  0.65  0.63  0.41  0.53  0.71  0.49  0.66  0.65  0.53   1.0  0.66  0.59  0.53
   Egg_S53    0.54  0.58  0.66  0.63  0.69  0.56  0.38  0.51  0.73  0.48  0.73  0.59  0.53  0.66   1.0  0.58   0.6
   Egg_S54    0.49  0.61  0.55  0.52  0.53  0.53  0.46  0.55  0.58  0.47  0.61  0.62   0.5  0.59  0.58   1.0  0.65
   Egg_S55    0.47  0.58  0.55  0.55  0.52   0.5  0.42  0.56  0.56  0.47  0.56  0.61  0.51  0.53   0.6  0.65   1.0