                 E     E     E     E     E     E     E     E     E     E     E     E     E     E     E     E     E
                 g     g     g     g     g     g     g     g     g     g     g     g     g     g     g     g     g
                 g     g     g     g     g     g     g     g     g     g     g     g     g     g     g     g     g
                 _     _     _     _     _     _     _     _     _     _     _     _     _     _     _     _     _
                 S     S     S     S     S     S     S     S     S     S     S     S     S     S     S     S     S
                 0     0     0     0     1     1     1     1     1     1     1     1     2     2     5     5     5
                 6     7     8     9     1     2     3     4     5     6     7     9     0     5     3     4     5

   Egg_S06     1.0  0.43  0.48  0.47  0.51  0.64  0.31  0.45  0.53  0.42  0.49  0.43  0.45  0.52  0.42  0.36  0.38
   Egg_S07    0.43   1.0  0.48  0.47  0.51  0.45  0.35  0.57  0.54  0.38   0.5  0.63  0.42  0.61  0.49  0.55  0.49
   Egg_S08    0.48  0.48   1.0  0.59  0.75  0.51  0.32  0.45  0.76  0.36  0.75  0.61  0.41  0.58  0.62  0.46  0.49
   Egg_S09    0.47  0.47  0.59   1.0  0.63  0.51  0.32  0.43  0.66  0.42  0.62  0.51  0.44   0.6  0.56  0.44  0.44
   Egg_S11    0.51  0.51  0.75  0.63   1.0  0.55  0.28  0.43  0.86  0.38  0.77  0.64  0.35  0.58  0.62  0.46  0.42
   Egg_S12    0.64  0.45  0.51  0.51  0.55   1.0  0.35   0.5  0.56  0.47  0.49  0.47  0.46  0.55  0.45  0.38  0.37
   Egg_S13    0.31  0.35  0.32  0.32  0.28  0.35   1.0  0.44  0.31  0.43  0.33  0.35  0.38  0.31  0.29  0.41  0.34
   Egg_S14    0.45  0.57  0.45  0.43  0.43   0.5  0.44   1.0  0.49  0.51  0.43   0.5  0.54  0.43  0.41  0.48  0.42
   Egg_S15    0.53  0.54  0.76  0.66  0.86  0.56  0.31  0.49   1.0  0.38  0.77  0.65  0.38  0.66  0.67  0.51  0.47
   Egg_S16    0.42  0.38  0.36  0.42  0.38  0.47  0.43  0.51  0.38   1.0  0.41  0.38  0.58  0.42  0.35  0.32  0.34
   Egg_S17    0.49   0.5  0.75  0.62  0.77  0.49  0.33  0.43  0.77  0.41   1.0  0.61  0.41  0.57  0.68  0.53  0.48
   Egg_S19    0.43  0.63  0.61  0.51  0.64  0.47  0.35   0.5  0.65  0.38  0.61   1.0  0.41  0.62  0.48  0.56  0.51
   Egg_S20    0.45  0.42  0.41  0.44  0.35  0.46  0.38  0.54  0.38  0.58  0.41  0.41   1.0  0.44  0.42  0.38  0.39
   Egg_S25    0.52  0.61  0.58   0.6  0.58  0.55  0.31  0.43  0.66  0.42  0.57  0.62  0.44   1.0  0.56   0.5  0.45
   Egg_S53    0.42  0.49  0.62  0.56  0.62  0.45  0.29  0.41  0.67  0.35  0.68  0.48  0.42  0.56   1.0  0.52  0.53
   Egg_S54    0.36  0.55  0.46  0.44  0.46  0.38  0.41  0.48  0.51  0.32  0.53  0.56  0.38   0.5  0.52   1.0  0.62
   Egg_S55    0.38  0.49  0.49  0.44  0.42  0.37  0.34  0.42  0.47  0.34  0.48  0.51  0.39  0.45  0.53  0.62   1.0